{
 "cells": [
  {
   "cell_type": "code",
   "execution_count": 118,
   "metadata": {},
   "outputs": [],
   "source": [
    "import pandas as pd\n",
    "import yfinance as yf\n",
    "import matplotlib.pyplot as plt\n",
    "import seaborn as sns\n",
    "import numpy as np"
   ]
  },
  {
   "cell_type": "code",
   "execution_count": 119,
   "metadata": {},
   "outputs": [],
   "source": [
    "sns.set_style(\"darkgrid\")"
   ]
  },
  {
   "cell_type": "code",
   "execution_count": 120,
   "metadata": {},
   "outputs": [
    {
     "name": "stdout",
     "output_type": "stream",
     "text": [
      "[*********************100%***********************]  16 of 16 completed\n"
     ]
    }
   ],
   "source": [
    "data = yf.download(\"EURUSD=X GBPUSD=X AUDUSD=X NZDUSD=X CADUSD=X CHFUSD=X FJDUSD=X GHSUSD=X\tJPYUSD=X KYDUSD=X\tSGDUSD=X THBUSD=X\tBYNUSD=X\tMYRUSD=X\tHUFUSD=X\tARSUSD=X\",\n",
    "                   start = '2021-01-01',end='2021-10-14',period='1d')"
   ]
  },
  {
   "cell_type": "code",
   "execution_count": 121,
   "metadata": {},
   "outputs": [],
   "source": [
    "df = data[\"Adj Close\"].copy()"
   ]
  },
  {
   "cell_type": "code",
   "execution_count": 122,
   "metadata": {},
   "outputs": [
    {
     "data": {
      "text/html": [
       "<div>\n",
       "<style scoped>\n",
       "    .dataframe tbody tr th:only-of-type {\n",
       "        vertical-align: middle;\n",
       "    }\n",
       "\n",
       "    .dataframe tbody tr th {\n",
       "        vertical-align: top;\n",
       "    }\n",
       "\n",
       "    .dataframe thead th {\n",
       "        text-align: right;\n",
       "    }\n",
       "</style>\n",
       "<table border=\"1\" class=\"dataframe\">\n",
       "  <thead>\n",
       "    <tr style=\"text-align: right;\">\n",
       "      <th></th>\n",
       "      <th>ARSUSD=X</th>\n",
       "      <th>AUDUSD=X</th>\n",
       "      <th>BYNUSD=X</th>\n",
       "      <th>CADUSD=X</th>\n",
       "      <th>CHFUSD=X</th>\n",
       "      <th>EURUSD=X</th>\n",
       "      <th>FJDUSD=X</th>\n",
       "      <th>GBPUSD=X</th>\n",
       "      <th>GHSUSD=X</th>\n",
       "      <th>HUFUSD=X</th>\n",
       "      <th>JPYUSD=X</th>\n",
       "      <th>KYDUSD=X</th>\n",
       "      <th>MYRUSD=X</th>\n",
       "      <th>NZDUSD=X</th>\n",
       "      <th>SGDUSD=X</th>\n",
       "      <th>THBUSD=X</th>\n",
       "    </tr>\n",
       "    <tr>\n",
       "      <th>Date</th>\n",
       "      <th></th>\n",
       "      <th></th>\n",
       "      <th></th>\n",
       "      <th></th>\n",
       "      <th></th>\n",
       "      <th></th>\n",
       "      <th></th>\n",
       "      <th></th>\n",
       "      <th></th>\n",
       "      <th></th>\n",
       "      <th></th>\n",
       "      <th></th>\n",
       "      <th></th>\n",
       "      <th></th>\n",
       "      <th></th>\n",
       "      <th></th>\n",
       "    </tr>\n",
       "  </thead>\n",
       "  <tbody>\n",
       "    <tr>\n",
       "      <th>2020-12-31</th>\n",
       "      <td>0.011885</td>\n",
       "      <td>0.768929</td>\n",
       "      <td>0.386325</td>\n",
       "      <td>0.784271</td>\n",
       "      <td>1.134327</td>\n",
       "      <td>1.229990</td>\n",
       "      <td>0.492902</td>\n",
       "      <td>1.363066</td>\n",
       "      <td>0.170940</td>\n",
       "      <td>0.003377</td>\n",
       "      <td>0.009697</td>\n",
       "      <td>1.223824</td>\n",
       "      <td>0.247831</td>\n",
       "      <td>0.721540</td>\n",
       "      <td>0.755892</td>\n",
       "      <td>0.033424</td>\n",
       "    </tr>\n",
       "    <tr>\n",
       "      <th>2021-01-01</th>\n",
       "      <td>0.011895</td>\n",
       "      <td>0.770297</td>\n",
       "      <td>0.383408</td>\n",
       "      <td>0.809723</td>\n",
       "      <td>1.113462</td>\n",
       "      <td>1.218027</td>\n",
       "      <td>0.490196</td>\n",
       "      <td>1.367301</td>\n",
       "      <td>0.171233</td>\n",
       "      <td>0.003370</td>\n",
       "      <td>0.009687</td>\n",
       "      <td>1.224190</td>\n",
       "      <td>0.248756</td>\n",
       "      <td>0.718200</td>\n",
       "      <td>0.756659</td>\n",
       "      <td>0.033444</td>\n",
       "    </tr>\n",
       "    <tr>\n",
       "      <th>2021-01-04</th>\n",
       "      <td>0.011869</td>\n",
       "      <td>0.771230</td>\n",
       "      <td>0.381441</td>\n",
       "      <td>0.786034</td>\n",
       "      <td>1.132375</td>\n",
       "      <td>1.225070</td>\n",
       "      <td>0.492902</td>\n",
       "      <td>1.368420</td>\n",
       "      <td>0.170109</td>\n",
       "      <td>0.003383</td>\n",
       "      <td>0.009686</td>\n",
       "      <td>1.217919</td>\n",
       "      <td>0.248756</td>\n",
       "      <td>0.719839</td>\n",
       "      <td>0.757191</td>\n",
       "      <td>0.033385</td>\n",
       "    </tr>\n",
       "    <tr>\n",
       "      <th>2021-01-05</th>\n",
       "      <td>0.011817</td>\n",
       "      <td>0.767100</td>\n",
       "      <td>0.388088</td>\n",
       "      <td>0.782411</td>\n",
       "      <td>1.134765</td>\n",
       "      <td>1.225160</td>\n",
       "      <td>0.492199</td>\n",
       "      <td>1.357160</td>\n",
       "      <td>0.172117</td>\n",
       "      <td>0.003393</td>\n",
       "      <td>0.009697</td>\n",
       "      <td>1.224503</td>\n",
       "      <td>0.249750</td>\n",
       "      <td>0.717829</td>\n",
       "      <td>0.757409</td>\n",
       "      <td>0.033434</td>\n",
       "    </tr>\n",
       "    <tr>\n",
       "      <th>2021-01-06</th>\n",
       "      <td>0.011794</td>\n",
       "      <td>0.776600</td>\n",
       "      <td>0.387193</td>\n",
       "      <td>0.788973</td>\n",
       "      <td>1.138719</td>\n",
       "      <td>1.230027</td>\n",
       "      <td>0.495810</td>\n",
       "      <td>1.362955</td>\n",
       "      <td>0.171233</td>\n",
       "      <td>0.003429</td>\n",
       "      <td>0.009739</td>\n",
       "      <td>1.222459</td>\n",
       "      <td>0.249066</td>\n",
       "      <td>0.725689</td>\n",
       "      <td>0.759180</td>\n",
       "      <td>0.033422</td>\n",
       "    </tr>\n",
       "    <tr>\n",
       "      <th>...</th>\n",
       "      <td>...</td>\n",
       "      <td>...</td>\n",
       "      <td>...</td>\n",
       "      <td>...</td>\n",
       "      <td>...</td>\n",
       "      <td>...</td>\n",
       "      <td>...</td>\n",
       "      <td>...</td>\n",
       "      <td>...</td>\n",
       "      <td>...</td>\n",
       "      <td>...</td>\n",
       "      <td>...</td>\n",
       "      <td>...</td>\n",
       "      <td>...</td>\n",
       "      <td>...</td>\n",
       "      <td>...</td>\n",
       "    </tr>\n",
       "    <tr>\n",
       "      <th>2021-10-07</th>\n",
       "      <td>0.010111</td>\n",
       "      <td>0.728141</td>\n",
       "      <td>0.401819</td>\n",
       "      <td>0.794521</td>\n",
       "      <td>1.077935</td>\n",
       "      <td>1.155535</td>\n",
       "      <td>0.477395</td>\n",
       "      <td>1.359213</td>\n",
       "      <td>0.165890</td>\n",
       "      <td>0.003221</td>\n",
       "      <td>0.008976</td>\n",
       "      <td>1.227393</td>\n",
       "      <td>0.239063</td>\n",
       "      <td>0.691582</td>\n",
       "      <td>0.736111</td>\n",
       "      <td>0.029586</td>\n",
       "    </tr>\n",
       "    <tr>\n",
       "      <th>2021-10-08</th>\n",
       "      <td>0.010116</td>\n",
       "      <td>0.731680</td>\n",
       "      <td>0.402211</td>\n",
       "      <td>0.797003</td>\n",
       "      <td>1.077122</td>\n",
       "      <td>1.155976</td>\n",
       "      <td>0.478400</td>\n",
       "      <td>1.362027</td>\n",
       "      <td>0.166945</td>\n",
       "      <td>0.003226</td>\n",
       "      <td>0.008956</td>\n",
       "      <td>1.225646</td>\n",
       "      <td>0.239177</td>\n",
       "      <td>0.693818</td>\n",
       "      <td>0.736703</td>\n",
       "      <td>0.029595</td>\n",
       "    </tr>\n",
       "    <tr>\n",
       "      <th>2021-10-11</th>\n",
       "      <td>0.010125</td>\n",
       "      <td>0.729490</td>\n",
       "      <td>0.406097</td>\n",
       "      <td>0.801019</td>\n",
       "      <td>1.077760</td>\n",
       "      <td>1.156604</td>\n",
       "      <td>0.478400</td>\n",
       "      <td>1.361656</td>\n",
       "      <td>0.165697</td>\n",
       "      <td>0.003207</td>\n",
       "      <td>0.008907</td>\n",
       "      <td>1.226081</td>\n",
       "      <td>0.239320</td>\n",
       "      <td>0.692161</td>\n",
       "      <td>0.737877</td>\n",
       "      <td>0.029499</td>\n",
       "    </tr>\n",
       "    <tr>\n",
       "      <th>2021-10-12</th>\n",
       "      <td>0.010117</td>\n",
       "      <td>0.734840</td>\n",
       "      <td>0.405230</td>\n",
       "      <td>0.801256</td>\n",
       "      <td>1.078109</td>\n",
       "      <td>1.155375</td>\n",
       "      <td>0.478790</td>\n",
       "      <td>1.359065</td>\n",
       "      <td>0.165386</td>\n",
       "      <td>0.003218</td>\n",
       "      <td>0.008819</td>\n",
       "      <td>1.225262</td>\n",
       "      <td>0.239952</td>\n",
       "      <td>0.694329</td>\n",
       "      <td>0.737811</td>\n",
       "      <td>0.029711</td>\n",
       "    </tr>\n",
       "    <tr>\n",
       "      <th>2021-10-13</th>\n",
       "      <td>0.010102</td>\n",
       "      <td>0.733509</td>\n",
       "      <td>0.404689</td>\n",
       "      <td>0.801533</td>\n",
       "      <td>1.074737</td>\n",
       "      <td>1.153403</td>\n",
       "      <td>0.478790</td>\n",
       "      <td>1.357884</td>\n",
       "      <td>0.167224</td>\n",
       "      <td>0.003202</td>\n",
       "      <td>0.008809</td>\n",
       "      <td>1.225528</td>\n",
       "      <td>0.240211</td>\n",
       "      <td>0.692559</td>\n",
       "      <td>0.736773</td>\n",
       "      <td>0.030012</td>\n",
       "    </tr>\n",
       "  </tbody>\n",
       "</table>\n",
       "<p>205 rows × 16 columns</p>\n",
       "</div>"
      ],
      "text/plain": [
       "            ARSUSD=X  AUDUSD=X  BYNUSD=X  CADUSD=X  CHFUSD=X  EURUSD=X  \\\n",
       "Date                                                                     \n",
       "2020-12-31  0.011885  0.768929  0.386325  0.784271  1.134327  1.229990   \n",
       "2021-01-01  0.011895  0.770297  0.383408  0.809723  1.113462  1.218027   \n",
       "2021-01-04  0.011869  0.771230  0.381441  0.786034  1.132375  1.225070   \n",
       "2021-01-05  0.011817  0.767100  0.388088  0.782411  1.134765  1.225160   \n",
       "2021-01-06  0.011794  0.776600  0.387193  0.788973  1.138719  1.230027   \n",
       "...              ...       ...       ...       ...       ...       ...   \n",
       "2021-10-07  0.010111  0.728141  0.401819  0.794521  1.077935  1.155535   \n",
       "2021-10-08  0.010116  0.731680  0.402211  0.797003  1.077122  1.155976   \n",
       "2021-10-11  0.010125  0.729490  0.406097  0.801019  1.077760  1.156604   \n",
       "2021-10-12  0.010117  0.734840  0.405230  0.801256  1.078109  1.155375   \n",
       "2021-10-13  0.010102  0.733509  0.404689  0.801533  1.074737  1.153403   \n",
       "\n",
       "            FJDUSD=X  GBPUSD=X  GHSUSD=X  HUFUSD=X  JPYUSD=X  KYDUSD=X  \\\n",
       "Date                                                                     \n",
       "2020-12-31  0.492902  1.363066  0.170940  0.003377  0.009697  1.223824   \n",
       "2021-01-01  0.490196  1.367301  0.171233  0.003370  0.009687  1.224190   \n",
       "2021-01-04  0.492902  1.368420  0.170109  0.003383  0.009686  1.217919   \n",
       "2021-01-05  0.492199  1.357160  0.172117  0.003393  0.009697  1.224503   \n",
       "2021-01-06  0.495810  1.362955  0.171233  0.003429  0.009739  1.222459   \n",
       "...              ...       ...       ...       ...       ...       ...   \n",
       "2021-10-07  0.477395  1.359213  0.165890  0.003221  0.008976  1.227393   \n",
       "2021-10-08  0.478400  1.362027  0.166945  0.003226  0.008956  1.225646   \n",
       "2021-10-11  0.478400  1.361656  0.165697  0.003207  0.008907  1.226081   \n",
       "2021-10-12  0.478790  1.359065  0.165386  0.003218  0.008819  1.225262   \n",
       "2021-10-13  0.478790  1.357884  0.167224  0.003202  0.008809  1.225528   \n",
       "\n",
       "            MYRUSD=X  NZDUSD=X  SGDUSD=X  THBUSD=X  \n",
       "Date                                                \n",
       "2020-12-31  0.247831  0.721540  0.755892  0.033424  \n",
       "2021-01-01  0.248756  0.718200  0.756659  0.033444  \n",
       "2021-01-04  0.248756  0.719839  0.757191  0.033385  \n",
       "2021-01-05  0.249750  0.717829  0.757409  0.033434  \n",
       "2021-01-06  0.249066  0.725689  0.759180  0.033422  \n",
       "...              ...       ...       ...       ...  \n",
       "2021-10-07  0.239063  0.691582  0.736111  0.029586  \n",
       "2021-10-08  0.239177  0.693818  0.736703  0.029595  \n",
       "2021-10-11  0.239320  0.692161  0.737877  0.029499  \n",
       "2021-10-12  0.239952  0.694329  0.737811  0.029711  \n",
       "2021-10-13  0.240211  0.692559  0.736773  0.030012  \n",
       "\n",
       "[205 rows x 16 columns]"
      ]
     },
     "execution_count": 122,
     "metadata": {},
     "output_type": "execute_result"
    }
   ],
   "source": [
    "df"
   ]
  },
  {
   "cell_type": "code",
   "execution_count": 123,
   "metadata": {},
   "outputs": [],
   "source": [
    "corr = df.corr()"
   ]
  },
  {
   "cell_type": "code",
   "execution_count": 124,
   "metadata": {},
   "outputs": [
    {
     "data": {
      "text/html": [
       "<div>\n",
       "<style scoped>\n",
       "    .dataframe tbody tr th:only-of-type {\n",
       "        vertical-align: middle;\n",
       "    }\n",
       "\n",
       "    .dataframe tbody tr th {\n",
       "        vertical-align: top;\n",
       "    }\n",
       "\n",
       "    .dataframe thead th {\n",
       "        text-align: right;\n",
       "    }\n",
       "</style>\n",
       "<table border=\"1\" class=\"dataframe\">\n",
       "  <thead>\n",
       "    <tr style=\"text-align: right;\">\n",
       "      <th></th>\n",
       "      <th>ARSUSD=X</th>\n",
       "      <th>AUDUSD=X</th>\n",
       "      <th>BYNUSD=X</th>\n",
       "      <th>CADUSD=X</th>\n",
       "      <th>CHFUSD=X</th>\n",
       "      <th>EURUSD=X</th>\n",
       "      <th>FJDUSD=X</th>\n",
       "      <th>GBPUSD=X</th>\n",
       "      <th>GHSUSD=X</th>\n",
       "      <th>HUFUSD=X</th>\n",
       "      <th>JPYUSD=X</th>\n",
       "      <th>KYDUSD=X</th>\n",
       "      <th>MYRUSD=X</th>\n",
       "      <th>NZDUSD=X</th>\n",
       "      <th>SGDUSD=X</th>\n",
       "      <th>THBUSD=X</th>\n",
       "    </tr>\n",
       "  </thead>\n",
       "  <tbody>\n",
       "    <tr>\n",
       "      <th>ARSUSD=X</th>\n",
       "      <td>1.000000</td>\n",
       "      <td>0.712102</td>\n",
       "      <td>-0.704050</td>\n",
       "      <td>-0.278756</td>\n",
       "      <td>0.582379</td>\n",
       "      <td>0.685474</td>\n",
       "      <td>0.683397</td>\n",
       "      <td>-0.131084</td>\n",
       "      <td>0.570750</td>\n",
       "      <td>0.137332</td>\n",
       "      <td>0.913807</td>\n",
       "      <td>-0.301899</td>\n",
       "      <td>0.879742</td>\n",
       "      <td>0.618867</td>\n",
       "      <td>0.681128</td>\n",
       "      <td>0.916778</td>\n",
       "    </tr>\n",
       "    <tr>\n",
       "      <th>AUDUSD=X</th>\n",
       "      <td>0.712102</td>\n",
       "      <td>1.000000</td>\n",
       "      <td>-0.579368</td>\n",
       "      <td>0.349476</td>\n",
       "      <td>0.472021</td>\n",
       "      <td>0.850829</td>\n",
       "      <td>0.955864</td>\n",
       "      <td>0.498656</td>\n",
       "      <td>0.886492</td>\n",
       "      <td>0.369949</td>\n",
       "      <td>0.560276</td>\n",
       "      <td>-0.260596</td>\n",
       "      <td>0.785155</td>\n",
       "      <td>0.867384</td>\n",
       "      <td>0.864060</td>\n",
       "      <td>0.880878</td>\n",
       "    </tr>\n",
       "    <tr>\n",
       "      <th>BYNUSD=X</th>\n",
       "      <td>-0.704050</td>\n",
       "      <td>-0.579368</td>\n",
       "      <td>1.000000</td>\n",
       "      <td>0.297876</td>\n",
       "      <td>-0.004115</td>\n",
       "      <td>-0.313388</td>\n",
       "      <td>-0.472705</td>\n",
       "      <td>0.085834</td>\n",
       "      <td>-0.643128</td>\n",
       "      <td>0.221945</td>\n",
       "      <td>-0.493489</td>\n",
       "      <td>0.125393</td>\n",
       "      <td>-0.582139</td>\n",
       "      <td>-0.367813</td>\n",
       "      <td>-0.368409</td>\n",
       "      <td>-0.688155</td>\n",
       "    </tr>\n",
       "    <tr>\n",
       "      <th>CADUSD=X</th>\n",
       "      <td>-0.278756</td>\n",
       "      <td>0.349476</td>\n",
       "      <td>0.297876</td>\n",
       "      <td>1.000000</td>\n",
       "      <td>0.097550</td>\n",
       "      <td>0.348065</td>\n",
       "      <td>0.331118</td>\n",
       "      <td>0.789405</td>\n",
       "      <td>0.347910</td>\n",
       "      <td>0.517194</td>\n",
       "      <td>-0.380461</td>\n",
       "      <td>-0.022657</td>\n",
       "      <td>-0.130427</td>\n",
       "      <td>0.257657</td>\n",
       "      <td>0.281277</td>\n",
       "      <td>-0.016806</td>\n",
       "    </tr>\n",
       "    <tr>\n",
       "      <th>CHFUSD=X</th>\n",
       "      <td>0.582379</td>\n",
       "      <td>0.472021</td>\n",
       "      <td>-0.004115</td>\n",
       "      <td>0.097550</td>\n",
       "      <td>1.000000</td>\n",
       "      <td>0.807511</td>\n",
       "      <td>0.555440</td>\n",
       "      <td>0.171192</td>\n",
       "      <td>0.160701</td>\n",
       "      <td>0.710923</td>\n",
       "      <td>0.750580</td>\n",
       "      <td>-0.368927</td>\n",
       "      <td>0.586642</td>\n",
       "      <td>0.601244</td>\n",
       "      <td>0.706181</td>\n",
       "      <td>0.578340</td>\n",
       "    </tr>\n",
       "    <tr>\n",
       "      <th>EURUSD=X</th>\n",
       "      <td>0.685474</td>\n",
       "      <td>0.850829</td>\n",
       "      <td>-0.313388</td>\n",
       "      <td>0.348065</td>\n",
       "      <td>0.807511</td>\n",
       "      <td>1.000000</td>\n",
       "      <td>0.889454</td>\n",
       "      <td>0.476939</td>\n",
       "      <td>0.644472</td>\n",
       "      <td>0.709553</td>\n",
       "      <td>0.690715</td>\n",
       "      <td>-0.358047</td>\n",
       "      <td>0.750567</td>\n",
       "      <td>0.865255</td>\n",
       "      <td>0.927217</td>\n",
       "      <td>0.815083</td>\n",
       "    </tr>\n",
       "    <tr>\n",
       "      <th>FJDUSD=X</th>\n",
       "      <td>0.683397</td>\n",
       "      <td>0.955864</td>\n",
       "      <td>-0.472705</td>\n",
       "      <td>0.331118</td>\n",
       "      <td>0.555440</td>\n",
       "      <td>0.889454</td>\n",
       "      <td>1.000000</td>\n",
       "      <td>0.515688</td>\n",
       "      <td>0.819763</td>\n",
       "      <td>0.453936</td>\n",
       "      <td>0.592407</td>\n",
       "      <td>-0.340582</td>\n",
       "      <td>0.785194</td>\n",
       "      <td>0.912188</td>\n",
       "      <td>0.882285</td>\n",
       "      <td>0.852756</td>\n",
       "    </tr>\n",
       "    <tr>\n",
       "      <th>GBPUSD=X</th>\n",
       "      <td>-0.131084</td>\n",
       "      <td>0.498656</td>\n",
       "      <td>0.085834</td>\n",
       "      <td>0.789405</td>\n",
       "      <td>0.171192</td>\n",
       "      <td>0.476939</td>\n",
       "      <td>0.515688</td>\n",
       "      <td>1.000000</td>\n",
       "      <td>0.482534</td>\n",
       "      <td>0.552483</td>\n",
       "      <td>-0.173863</td>\n",
       "      <td>-0.067968</td>\n",
       "      <td>0.022420</td>\n",
       "      <td>0.500827</td>\n",
       "      <td>0.413578</td>\n",
       "      <td>0.184788</td>\n",
       "    </tr>\n",
       "    <tr>\n",
       "      <th>GHSUSD=X</th>\n",
       "      <td>0.570750</td>\n",
       "      <td>0.886492</td>\n",
       "      <td>-0.643128</td>\n",
       "      <td>0.347910</td>\n",
       "      <td>0.160701</td>\n",
       "      <td>0.644472</td>\n",
       "      <td>0.819763</td>\n",
       "      <td>0.482534</td>\n",
       "      <td>1.000000</td>\n",
       "      <td>0.175319</td>\n",
       "      <td>0.334498</td>\n",
       "      <td>-0.126737</td>\n",
       "      <td>0.619518</td>\n",
       "      <td>0.648262</td>\n",
       "      <td>0.657059</td>\n",
       "      <td>0.768206</td>\n",
       "    </tr>\n",
       "    <tr>\n",
       "      <th>HUFUSD=X</th>\n",
       "      <td>0.137332</td>\n",
       "      <td>0.369949</td>\n",
       "      <td>0.221945</td>\n",
       "      <td>0.517194</td>\n",
       "      <td>0.710923</td>\n",
       "      <td>0.709553</td>\n",
       "      <td>0.453936</td>\n",
       "      <td>0.552483</td>\n",
       "      <td>0.175319</td>\n",
       "      <td>1.000000</td>\n",
       "      <td>0.267650</td>\n",
       "      <td>-0.257492</td>\n",
       "      <td>0.289875</td>\n",
       "      <td>0.509282</td>\n",
       "      <td>0.636536</td>\n",
       "      <td>0.321610</td>\n",
       "    </tr>\n",
       "    <tr>\n",
       "      <th>JPYUSD=X</th>\n",
       "      <td>0.913807</td>\n",
       "      <td>0.560276</td>\n",
       "      <td>-0.493489</td>\n",
       "      <td>-0.380461</td>\n",
       "      <td>0.750580</td>\n",
       "      <td>0.690715</td>\n",
       "      <td>0.592407</td>\n",
       "      <td>-0.173863</td>\n",
       "      <td>0.334498</td>\n",
       "      <td>0.267650</td>\n",
       "      <td>1.000000</td>\n",
       "      <td>-0.339282</td>\n",
       "      <td>0.826018</td>\n",
       "      <td>0.619553</td>\n",
       "      <td>0.673163</td>\n",
       "      <td>0.805649</td>\n",
       "    </tr>\n",
       "    <tr>\n",
       "      <th>KYDUSD=X</th>\n",
       "      <td>-0.301899</td>\n",
       "      <td>-0.260596</td>\n",
       "      <td>0.125393</td>\n",
       "      <td>-0.022657</td>\n",
       "      <td>-0.368927</td>\n",
       "      <td>-0.358047</td>\n",
       "      <td>-0.340582</td>\n",
       "      <td>-0.067968</td>\n",
       "      <td>-0.126737</td>\n",
       "      <td>-0.257492</td>\n",
       "      <td>-0.339282</td>\n",
       "      <td>1.000000</td>\n",
       "      <td>-0.330115</td>\n",
       "      <td>-0.277602</td>\n",
       "      <td>-0.337667</td>\n",
       "      <td>-0.308019</td>\n",
       "    </tr>\n",
       "    <tr>\n",
       "      <th>MYRUSD=X</th>\n",
       "      <td>0.879742</td>\n",
       "      <td>0.785155</td>\n",
       "      <td>-0.582139</td>\n",
       "      <td>-0.130427</td>\n",
       "      <td>0.586642</td>\n",
       "      <td>0.750567</td>\n",
       "      <td>0.785194</td>\n",
       "      <td>0.022420</td>\n",
       "      <td>0.619518</td>\n",
       "      <td>0.289875</td>\n",
       "      <td>0.826018</td>\n",
       "      <td>-0.330115</td>\n",
       "      <td>1.000000</td>\n",
       "      <td>0.773592</td>\n",
       "      <td>0.849884</td>\n",
       "      <td>0.924850</td>\n",
       "    </tr>\n",
       "    <tr>\n",
       "      <th>NZDUSD=X</th>\n",
       "      <td>0.618867</td>\n",
       "      <td>0.867384</td>\n",
       "      <td>-0.367813</td>\n",
       "      <td>0.257657</td>\n",
       "      <td>0.601244</td>\n",
       "      <td>0.865255</td>\n",
       "      <td>0.912188</td>\n",
       "      <td>0.500827</td>\n",
       "      <td>0.648262</td>\n",
       "      <td>0.509282</td>\n",
       "      <td>0.619553</td>\n",
       "      <td>-0.277602</td>\n",
       "      <td>0.773592</td>\n",
       "      <td>1.000000</td>\n",
       "      <td>0.892242</td>\n",
       "      <td>0.778514</td>\n",
       "    </tr>\n",
       "    <tr>\n",
       "      <th>SGDUSD=X</th>\n",
       "      <td>0.681128</td>\n",
       "      <td>0.864060</td>\n",
       "      <td>-0.368409</td>\n",
       "      <td>0.281277</td>\n",
       "      <td>0.706181</td>\n",
       "      <td>0.927217</td>\n",
       "      <td>0.882285</td>\n",
       "      <td>0.413578</td>\n",
       "      <td>0.657059</td>\n",
       "      <td>0.636536</td>\n",
       "      <td>0.673163</td>\n",
       "      <td>-0.337667</td>\n",
       "      <td>0.849884</td>\n",
       "      <td>0.892242</td>\n",
       "      <td>1.000000</td>\n",
       "      <td>0.835431</td>\n",
       "    </tr>\n",
       "    <tr>\n",
       "      <th>THBUSD=X</th>\n",
       "      <td>0.916778</td>\n",
       "      <td>0.880878</td>\n",
       "      <td>-0.688155</td>\n",
       "      <td>-0.016806</td>\n",
       "      <td>0.578340</td>\n",
       "      <td>0.815083</td>\n",
       "      <td>0.852756</td>\n",
       "      <td>0.184788</td>\n",
       "      <td>0.768206</td>\n",
       "      <td>0.321610</td>\n",
       "      <td>0.805649</td>\n",
       "      <td>-0.308019</td>\n",
       "      <td>0.924850</td>\n",
       "      <td>0.778514</td>\n",
       "      <td>0.835431</td>\n",
       "      <td>1.000000</td>\n",
       "    </tr>\n",
       "  </tbody>\n",
       "</table>\n",
       "</div>"
      ],
      "text/plain": [
       "          ARSUSD=X  AUDUSD=X  BYNUSD=X  CADUSD=X  CHFUSD=X  EURUSD=X  \\\n",
       "ARSUSD=X  1.000000  0.712102 -0.704050 -0.278756  0.582379  0.685474   \n",
       "AUDUSD=X  0.712102  1.000000 -0.579368  0.349476  0.472021  0.850829   \n",
       "BYNUSD=X -0.704050 -0.579368  1.000000  0.297876 -0.004115 -0.313388   \n",
       "CADUSD=X -0.278756  0.349476  0.297876  1.000000  0.097550  0.348065   \n",
       "CHFUSD=X  0.582379  0.472021 -0.004115  0.097550  1.000000  0.807511   \n",
       "EURUSD=X  0.685474  0.850829 -0.313388  0.348065  0.807511  1.000000   \n",
       "FJDUSD=X  0.683397  0.955864 -0.472705  0.331118  0.555440  0.889454   \n",
       "GBPUSD=X -0.131084  0.498656  0.085834  0.789405  0.171192  0.476939   \n",
       "GHSUSD=X  0.570750  0.886492 -0.643128  0.347910  0.160701  0.644472   \n",
       "HUFUSD=X  0.137332  0.369949  0.221945  0.517194  0.710923  0.709553   \n",
       "JPYUSD=X  0.913807  0.560276 -0.493489 -0.380461  0.750580  0.690715   \n",
       "KYDUSD=X -0.301899 -0.260596  0.125393 -0.022657 -0.368927 -0.358047   \n",
       "MYRUSD=X  0.879742  0.785155 -0.582139 -0.130427  0.586642  0.750567   \n",
       "NZDUSD=X  0.618867  0.867384 -0.367813  0.257657  0.601244  0.865255   \n",
       "SGDUSD=X  0.681128  0.864060 -0.368409  0.281277  0.706181  0.927217   \n",
       "THBUSD=X  0.916778  0.880878 -0.688155 -0.016806  0.578340  0.815083   \n",
       "\n",
       "          FJDUSD=X  GBPUSD=X  GHSUSD=X  HUFUSD=X  JPYUSD=X  KYDUSD=X  \\\n",
       "ARSUSD=X  0.683397 -0.131084  0.570750  0.137332  0.913807 -0.301899   \n",
       "AUDUSD=X  0.955864  0.498656  0.886492  0.369949  0.560276 -0.260596   \n",
       "BYNUSD=X -0.472705  0.085834 -0.643128  0.221945 -0.493489  0.125393   \n",
       "CADUSD=X  0.331118  0.789405  0.347910  0.517194 -0.380461 -0.022657   \n",
       "CHFUSD=X  0.555440  0.171192  0.160701  0.710923  0.750580 -0.368927   \n",
       "EURUSD=X  0.889454  0.476939  0.644472  0.709553  0.690715 -0.358047   \n",
       "FJDUSD=X  1.000000  0.515688  0.819763  0.453936  0.592407 -0.340582   \n",
       "GBPUSD=X  0.515688  1.000000  0.482534  0.552483 -0.173863 -0.067968   \n",
       "GHSUSD=X  0.819763  0.482534  1.000000  0.175319  0.334498 -0.126737   \n",
       "HUFUSD=X  0.453936  0.552483  0.175319  1.000000  0.267650 -0.257492   \n",
       "JPYUSD=X  0.592407 -0.173863  0.334498  0.267650  1.000000 -0.339282   \n",
       "KYDUSD=X -0.340582 -0.067968 -0.126737 -0.257492 -0.339282  1.000000   \n",
       "MYRUSD=X  0.785194  0.022420  0.619518  0.289875  0.826018 -0.330115   \n",
       "NZDUSD=X  0.912188  0.500827  0.648262  0.509282  0.619553 -0.277602   \n",
       "SGDUSD=X  0.882285  0.413578  0.657059  0.636536  0.673163 -0.337667   \n",
       "THBUSD=X  0.852756  0.184788  0.768206  0.321610  0.805649 -0.308019   \n",
       "\n",
       "          MYRUSD=X  NZDUSD=X  SGDUSD=X  THBUSD=X  \n",
       "ARSUSD=X  0.879742  0.618867  0.681128  0.916778  \n",
       "AUDUSD=X  0.785155  0.867384  0.864060  0.880878  \n",
       "BYNUSD=X -0.582139 -0.367813 -0.368409 -0.688155  \n",
       "CADUSD=X -0.130427  0.257657  0.281277 -0.016806  \n",
       "CHFUSD=X  0.586642  0.601244  0.706181  0.578340  \n",
       "EURUSD=X  0.750567  0.865255  0.927217  0.815083  \n",
       "FJDUSD=X  0.785194  0.912188  0.882285  0.852756  \n",
       "GBPUSD=X  0.022420  0.500827  0.413578  0.184788  \n",
       "GHSUSD=X  0.619518  0.648262  0.657059  0.768206  \n",
       "HUFUSD=X  0.289875  0.509282  0.636536  0.321610  \n",
       "JPYUSD=X  0.826018  0.619553  0.673163  0.805649  \n",
       "KYDUSD=X -0.330115 -0.277602 -0.337667 -0.308019  \n",
       "MYRUSD=X  1.000000  0.773592  0.849884  0.924850  \n",
       "NZDUSD=X  0.773592  1.000000  0.892242  0.778514  \n",
       "SGDUSD=X  0.849884  0.892242  1.000000  0.835431  \n",
       "THBUSD=X  0.924850  0.778514  0.835431  1.000000  "
      ]
     },
     "execution_count": 124,
     "metadata": {},
     "output_type": "execute_result"
    }
   ],
   "source": [
    "corr"
   ]
  },
  {
   "cell_type": "code",
   "execution_count": 125,
   "metadata": {},
   "outputs": [],
   "source": [
    "plt.rcParams['figure.figsize'] = [11, 5]"
   ]
  },
  {
   "cell_type": "code",
   "execution_count": 126,
   "metadata": {},
   "outputs": [
    {
     "data": {
      "text/plain": [
       "<AxesSubplot:>"
      ]
     },
     "execution_count": 126,
     "metadata": {},
     "output_type": "execute_result"
    },
    {
     "data": {
